incident_id,predicted_killer,p_killer_1,p_killer_2,p_killer_3,p_killer_4,p_killer_5,p_killer_6,p_killer_7,p_killer_8
0,5,0.003244608135514034,0.007089988248912154,0.06044337068583408,0.0006900181877678261,0.7646771977504188,2.264314307323098e-06,0.0013212552044439992,0.16253129747280182
1,7,3.8470739713401066e-07,2.592075642659881e-06,1.0077883821663652e-06,4.5381144488117145e-07,0.00010025786010255003,1.1720468662823093e-09,0.9998930884095882,2.2141753956511148e-06
2,3,1.1673225399926583e-05,5.502414986520203e-06,0.9986198253630623,1.1865124962731482e-06,0.0011225437046748102,3.4050243364140243e-08,8.190630044873921e-06,0.00023104409909189446
3,7,1.7940423139621033e-05,7.052414710868278e-05,0.0018490358506671437,0.0001639088158151545,0.03948467573159167,8.241001754853513e-09,0.9563540002756337,0.002059906515042154
4,5,0.0005395389125069409,0.0009840919601250071,0.04734445548929517,0.0008094961928747836,0.8385745798330194,2.2618814581423936e-06,0.000434051761172011,0.11131152396954858
5,3,0.00010636008074848746,5.585274400697874e-06,0.9992516607246434,1.0189482182225353e-05,0.0005077666334374431,2.180596701355946e-06,7.78976015949866e-06,0.00010846744772692307
6,3,0.0001153209813468334,9.702643251017306e-05,0.9934879614775907,3.083267798134199e-05,0.004818069871663126,2.6399473070358804e-06,0.00011724959722359991,0.0013308990143772086
7,4,6.92864969420659e-05,2.440685561480502e-05,6.48752967756003e-05,0.6465223547114041,0.001036940299765443,3.4006548390135574e-07,0.35214860481781496,0.00013319145619904144
8,6,0.0003729652326625946,0.00022041966566183803,0.00014935631155652644,4.1279652577669876e-07,3.924954160671475e-06,0.9992501067027534,2.7760835013915716e-06,3.8253177813688826e-08
9,3,7.0303037333163e-06,4.499630388473265e-06,0.9831049973519127,1.5377466176466168e-06,0.01647748538726378,3.175857397209764e-08,6.281699737581202e-06,0.0003981361217725821
10,6,0.0005947015085255151,2.5612367125553768e-05,3.4410463522644466e-05,8.78076217959084e-07,2.218367555074035e-06,0.9993388991114931,3.268986189934508e-06,1.1119370309262051e-08
11,3,0.006590018815097975,0.0015266645033424847,0.9820434915381279,0.00013294488506346988,0.0007657488854424558,0.007939147102819453,0.0008621094762844853,0.00013987479382164973
12,2,1.5728159948755462e-05,0.9917272948983109,1.2662456402769819e-08,1.3604954272835573e-07,4.189086915212898e-06,3.938418248741883e-08,0.008252564029299326,3.572934448474691e-08
13,3,8.31220227235404e-05,2.5528648349305874e-05,0.9994096359697323,9.064860684853366e-06,0.00028120399824056264,8.554548153419052e-07,5.760243699858335e-05,0.00013298660845554753
14,3,9.936708281450582e-07,1.7871437103489584e-07,0.9999313827276252,6.86524209688775e-08,6.441365404340744e-05,6.630092142673922e-09,3.288450224885768e-07,2.6271055966138733e-06
15,3,0.00037821336157293524,0.0002194314049425096,0.9839427256741183,0.00015013632762437418,0.012911041171884432,1.2097980171398738e-05,0.0003339979992822622,0.002052356080403742
16,3,0.00019207609744566168,0.00045198299668664356,0.8730703410811678,0.00012248395271201247,0.1021705487182129,4.11221668476337e-06,0.0008455830254521789,0.02314287191163809
17,6,0.00047276033269366273,1.9783568450462747e-05,0.00038658396542688576,4.28451685433957e-06,2.105892973818647e-05,0.9990926197677197,2.8452071189079067e-06,6.371199783200538e-08
18,3,7.51649254066118e-05,1.0285751001515274e-05,0.9997118656757433,1.5765212902253557e-06,0.00017074191648463623,3.1120366199148637e-06,8.50189338783186e-06,1.875128006618997e-05
19,3,0.004494444018270205,0.00043353462661711606,0.9915237649180527,0.00016715727430889293,0.0016744222183711624,5.9988740689297537e-05,0.0006102082870071315,0.001036479916683618
20,3,4.118438974242306e-05,1.1114215122783743e-05,0.9978833287231058,2.7935768607215304e-05,0.0018320359054059343,2.912673960299844e-06,2.0223264613231198e-05,0.00018126505944221423
21,4,6.583657075521357e-05,2.8233751882594976e-06,3.9227032986593955e-05,0.9965365888521008,5.8129000271154246e-05,1.6089192899249332e-07,0.003279271641305366,1.7962635463530106e-05
22,7,0.001876996823550302,0.000500385254465789,0.36935523628840916,0.0007690807987981731,0.0012839902036065206,4.5365292443387045e-07,0.625537904164839,0.000675952813406714
23,3,0.003498375248399462,6.581979846180968e-05,0.8772377313246547,0.06407092359149545,0.003841746927296394,0.04658172851470426,0.004698733761665241,4.9408333228594764e-06
24,7,7.487964872413808e-06,9.945415755228486e-05,4.256926212896203e-05,4.8603370205570655e-05,1.644763108515806e-05,6.263498388438913e-08,0.9997822398839721,3.135095199610868e-06
25,6,0.00038864054357767494,0.0001921870651042087,1.861414383085853e-05,2.1973048987288888e-08,5.634953339064272e-07,0.9993997009262714,2.678415191364384e-07,4.011313875011072e-09
26,7,0.004377674625938609,0.0008536550985944925,0.00021174624151331704,0.000442514095045543,0.0006287692129410432,1.0387599536118698e-05,0.9934387756836139,3.6477442816814965e-05
27,7,2.1449704342743153e-06,1.3373592229980609e-05,4.440844093635046e-05,7.4371040025737185e-06,7.132806571789036e-05,2.368222160187384e-09,0.9998533089417738,7.996516682838212e-06
28,3,4.861230443598061e-05,2.2259264406367357e-05,0.9991939835914719,1.8836531742620046e-05,0.0004275245617946444,5.025836249231712e-07,3.5366433873936534e-05,0.00025291472864976707
29,7,7.15570900274863e-05,3.1712787950812966e-05,1.6353780296865357e-05,0.0024851919325006135,0.0016614783406263109,9.085228631010225e-08,0.9954689647490208,0.0002646504672908761
30,3,0.00027566949692822576,0.0001505620625161969,0.9838658083805629,2.5461480377073124e-05,0.01428666985072467,4.3419696024141345e-06,6.210995466381276e-05,0.001329376804624685
31,3,1.981639673739236e-05,7.437592596897363e-06,0.9968437706704535,5.143003004039897e-06,0.0030085576040301772,4.951198218649002e-07,6.036138783004124e-06,0.00010874347457331634
32,3,0.013398303033926012,8.846155754428611e-05,0.9847218795183198,3.829530914643482e-05,0.0012421277382798157,0.0001373360009991595,0.00022584899067131406,0.0001477478511133229
33,5,0.0006056866317781677,0.0031931739917068357,0.2796060981520362,0.0004677235248837356,0.5412146919734647,6.775631584390371e-06,0.009156522685874054,0.165749327408672
34,3,0.00032771842963961323,0.0001619339586354294,0.9943045001637878,0.001866995055773749,0.0015963945282765634,4.0306234631417434e-05,0.0008620036219265345,0.0008401480073288832
35,7,3.9170324948254305e-06,1.0787936835734398e-06,6.88839663946438e-07,0.0009194820285544322,1.869327453890474e-06,3.4795242336196353e-09,0.9990728300612074,1.3043741763215974e-07
36,3,0.000322150766414368,0.0003476503233448557,0.922215298759827,0.0002843931002823305,0.05736985923935142,4.957823333546648e-06,0.0004968584616868068,0.018958831525759768
37,3,5.283926699071442e-05,1.0240938047591184e-05,0.9996498600775612,4.059049841425723e-06,0.00021883770815813404,8.971842999726625e-07,2.6586756357432803e-05,3.6679018743594715e-05
38,3,0.00033734379664122373,1.914529544782277e-05,0.9987419284249097,0.00021969433848819362,0.0003891578051844643,2.2242909777748513e-05,0.00016049777483830518,0.0001099896547126727
39,3,0.003918817507248129,0.00031698687158113653,0.8743189050092468,0.0010105941573447495,0.10958830647330835,2.9713476197480887e-05,0.004568580150425858,0.006248096354647544
40,1,0.8226405715407534,0.1576671261197965,7.710493963900702e-05,1.5314963885198623e-05,0.009435102286074595,0.009019088539453522,0.0010993342407369412,4.635736966077705e-05
41,4,0.000676727285353711,5.669550811904169e-05,0.00010562017620537875,0.7993705831180377,0.0005713543125277912,6.357652090032024e-07,0.1987817880215402,0.0004365958130072988
42,3,0.00019622474948266356,1.1151126058432617e-05,0.9994199911407518,1.7481606647218964e-05,0.000204514810022458,6.308973451751433e-06,0.0001261692694545254,1.8158324131233824e-05
43,2,8.601758401653819e-05,0.9998807158945191,7.067817368664207e-07,1.305428684210599e-07,1.514890544157896e-05,6.37139251477101e-07,1.3810318454800055e-05,2.8328337111958584e-06
44,4,0.0010447139468394639,2.66397881912506e-05,0.00019180388067403394,0.9955885833824543,0.00041771746199484306,1.5667658367208194e-05,0.002619980780764727,9.489310071411771e-05
45,3,6.234908099006309e-06,1.848717969119707e-06,0.9986229123444024,1.3642457354789651e-06,0.0013160491706417777,4.11426089118103e-08,8.210705504525855e-06,4.333876503857625e-05
46,3,0.00013176180493728977,5.25396100779081e-06,0.997960181943083,3.3580499554764348e-06,0.001581770451297409,4.8798281747149106e-08,3.845666092434951e-05,0.00027916833051297094
47,3,9.083512861089893e-05,2.5009831225705692e-05,0.9987605180777759,1.5892949295886083e-05,0.0007077447783946437,1.2372994818527133e-06,2.9872945195506547e-05,0.00036888899001961294
48,3,0.002840542968567666,1.962401305406119e-05,0.9963910918630741,2.2305929719117164e-05,0.0005597168514602622,3.317392704296956e-05,6.901136339401619e-05,6.453308368760046e-05
49,3,4.106876813530336e-05,1.0117060613523473e-05,0.9993280925684547,6.429085097512324e-06,0.0005490449472847377,4.538554723337948e-06,1.0229760371124659e-05,5.047925531958388e-05
50,3,0.00015327843265917947,3.9380163176990006e-05,0.9983273004342309,2.1055084697049176e-05,0.0010975269097536007,1.1013906311714829e-05,4.1882139646047794e-05,0.00030856292952437253
51,3,3.600414703660602e-06,1.6274041692208264e-06,0.9996045453461933,2.5724889161431483e-07,0.00034892505483582917,1.0003705640647617e-08,2.2342101044754463e-06,3.88003173963567e-05
52,3,0.0014812283407330622,0.001113943564594611,0.9778757383822563,0.0002142522541097708,0.016066530648127755,8.90208987249661e-05,0.000602476220083775,0.0025568096913698014
53,3,5.4982785477380495e-05,1.2446616682061349e-05,0.9992966907089665,3.88365743357532e-06,0.0005044142392857898,3.938382744061302e-07,1.8926797596225633e-05,0.00010826135628418823
54,3,6.57199304642652e-05,3.948975510922185e-05,0.9940635976398133,1.4452363619373982e-05,0.00483098583789928,1.1684540409836473e-06,5.016998732202591e-05,0.0009344160317313413
55,3,3.791764096434447e-05,2.2005824628845247e-05,0.9978905302121129,7.978871859422191e-06,0.0018110023634396778,5.076420740870109e-07,6.457333315757098e-05,0.00016548411176303256
56,3,0.00021817578576974723,6.412856939670533e-05,0.9988598915840385,1.0008555438693659e-05,0.0006305388795991816,3.5605212426696094e-06,0.00010600062708720951,0.00010769547742723332
57,3,0.02177771826116152,0.031181829951444782,0.8853171364420651,0.0008081999134260929,0.03881760935139214,0.00035874470752738036,0.001150720005387184,0.020588041367595792
58,3,4.50691327028421e-05,8.649116164021525e-06,0.9995668231908152,3.452887057755279e-05,0.00027016715011295953,3.642457257375731e-05,1.8639653028603542e-05,1.969831402501524e-05
59,3,0.05501334936030802,0.008306033427364062,0.5026291125415219,0.0016106952933799257,0.0018615884801742111,0.00021394774225780739,0.42993437457013267,0.00043089858486139936
60,7,9.922176281524699e-06,1.4368776289421874e-05,7.884490049029551e-05,0.00019636324657077502,0.0020706274878613995,1.0478302258212893e-07,0.9976009716405272,2.8796988956667033e-05
61,3,0.000562318347495119,0.0015843102396669003,0.9707664380612574,0.00010103547926424953,0.019018145398470077,4.537049067431004e-06,0.005947719783991278,0.002015495640787435
62,7,2.30579126159528e-06,7.434857343644496e-07,3.6744250262117848e-06,0.014860315529792289,5.359221517042613e-06,5.446684737752339e-09,0.9851266424790851,9.536208988380321e-07
63,3,0.00017853233145398626,3.4627073617867795e-06,0.9993408854418206,5.1850399191109494e-06,0.00041068219665113716,5.691705572238903e-07,9.841701878907456e-06,5.084141035716967e-05
64,6,4.764891405462397e-05,1.761424522939283e-05,2.1699771223663057e-07,1.67210806564438e-08,6.401843370446099e-08,0.9999343839584894,5.502466208626175e-08,1.2033791523038163e-10
65,4,6.830711862182495e-06,1.596869346229417e-07,0.00017804343595575708,0.9992319513699183,0.0001882834605697581,2.3131028460022544e-08,0.00038886501417115905,5.843189559851073e-06
66,3,0.00017054437961726916,3.359816206962219e-06,0.9994365152582649,6.2213023090814675e-06,0.0003208276659964113,6.40013213120848e-07,1.0174308545137798e-05,5.171725584733866e-05
67,6,0.0014159304476582194,0.0007106587792608246,0.00015022236588662795,3.173749886398907e-07,1.5142736955789955e-06,0.9977048483405498,1.6498738014905987e-05,9.679945406487418e-09
68,3,9.311489361091167e-05,3.379881461273052e-05,0.9931297253517166,0.0002615052289374795,0.004881810316605703,7.29154346151421e-07,0.0001083756449082513,0.00149094059526223
69,2,0.0008779349261009823,0.9987719905532905,2.396279678879538e-06,3.6880761099447543e-07,3.530199166638977e-05,2.5219861083278582e-06,0.0003083178581454469,1.1675973985800684e-06
70,4,0.0015502246927751736,9.485667122444616e-05,0.00012261256856895738,0.8576540654778314,0.0006754213749734641,1.9852358850513854e-06,0.13966383496432344,0.00023699901441823389
71,3,0.00013589257992567002,3.2631760950741675e-05,0.9995113512982218,1.811127693205958e-05,0.00015886806145268124,8.454473035407686e-06,4.5173338351183255e-05,8.951721113027601e-05
72,5,0.006616135230227102,0.0011850151747710303,0.07991371603020313,0.011540336939279772,0.5814115501480949,7.995869734460142e-06,0.06228785801948552,0.25703739258820424
73,3,8.575365931393202e-06,1.342533578345698e-06,0.9997700985580169,6.570526544575433e-07,0.000199418046575674,3.289086292172213e-08,3.317347667778357e-06,1.6558204712396767e-05
74,3,0.016426986448895727,0.03913080886631104,0.7512575510361964,0.02818788145575139,0.05324543190240167,0.0003720907032424809,0.00573795736159363,0.10564129222560768
75,6,0.003942099320268725,0.00023258380334956931,0.0001763679557123305,6.944484107636748e-07,7.470134553729977e-05,0.9955648482838289,8.594287350099816e-06,1.1055554229644492e-07
76,2,0.0014515228307975367,0.9891793647901392,0.0012197619851755457,0.0003254357815714787,0.0010731861834481122,0.00035399213950315655,0.006006465058727954,0.0003902712306369415
77,7,0.00022598448674399812,6.167551225924715e-05,2.332699997110904e-05,0.07254793371223135,0.00025311575985102183,2.6021629594094925e-07,0.9267947149843844,9.298832826292768e-05
78,3,9.68041281078735e-05,7.300095797126087e-05,0.9950654172003165,0.0001649360446323912,0.003800102988271468,7.905692262913497e-06,0.0003281121251643364,0.00046372086327331344
79,4,0.00015225529888450738,4.53968053135073e-06,7.990347460733059e-05,0.9968129416772694,6.992087855506085e-05,4.55150337170659e-06,0.0028554657583187647,2.042172846184283e-05
80,3,0.007440022130922544,0.0019273640764060737,0.9723577762004771,0.007608194330411101,0.004820117136564745,0.00015453002452779586,0.0007719134771503066,0.004920082623540503
81,3,0.0068027969489054905,0.0005148457130833468,0.9686176380147212,0.0002807610329496599,0.00605024583773363,1.9401308043744875e-06,0.00019962852259652387,0.017532143799205913
82,5,0.2336547700296189,0.024370453508922512,0.10465883815387537,0.003350034783459372,0.5246644156367808,0.042892922595571314,0.016740056568894636,0.04966850872287707
83,5,0.0003293399440755356,0.000623315465823347,0.3399548503349716,0.0008531339165107414,0.6283095879880854,6.711760584322641e-08,0.0029877364986937785,0.026941968734233834
84,7,0.0048940835678698705,0.0003604676226331331,0.11615989427191131,0.03970309202897741,0.3224654119399014,7.467497191894766e-06,0.4994935704619883,0.016916012609526822
85,7,0.0002930158018684268,0.0012985475518147286,1.8879246421572546e-05,0.0024922287889775066,0.0002322708362968454,7.469807590433691e-07,0.9955569900781429,0.00010732071571915419
86,3,0.00029968653709970636,3.4749647074141247e-05,0.9987277117074151,0.00010431953707718637,0.0004411363689036196,6.6310923658881785e-06,0.00012728444012221143,0.00025848066994212484
87,3,9.256079040129942e-05,4.770204868919082e-05,0.999099500653084,5.587156460517446e-06,0.0005515015973153525,5.778107065151679e-07,0.00011817305742548931,8.439688591764511e-05
88,3,1.0860776768734503e-05,6.663836535002971e-06,0.9993127428778974,6.662407038578123e-07,0.0005816431851876316,3.689057852416099e-08,2.1946585024550792e-05,6.543960730434345e-05
89,7,0.00012128355789862118,4.433517135839713e-05,1.1268317791903035e-05,0.0021472144495397424,4.1260489444805216e-05,3.5267547689363675e-06,0.997629154665865,1.9565933326829576e-06
90,2,0.002281906370327677,0.9973869288689676,9.024942038838533e-06,5.855546807183646e-07,0.00011732982985401373,1.153769152700909e-05,0.00018623259540053312,6.454147203684324e-06
91,2,0.01481392578029758,0.7396386967596196,0.19694242308839427,0.0004811410434229219,0.03768248296633301,1.7664835375469034e-05,0.007788062498100269,0.002635603028457058
92,3,0.0030608758247610106,0.004905180567626212,0.7801812309494084,0.0010384600457188063,0.17728833419509318,0.0002907734941806982,0.0022716442148460222,0.030963500708365604
93,3,0.005442659186161718,0.0017463893330587224,0.9670272311869967,0.0006203692214336379,0.007518145244988059,5.561827168461606e-05,0.001381269049623619,0.016208318506052935
94,6,0.0015538495194507389,7.172379092676612e-05,7.499067903425143e-05,1.8709745779272554e-06,5.9697881548529385e-06,0.998282027806347,9.52262416661918e-06,4.4817341761760363e-08
95,3,5.200763672939345e-06,9.971913302205842e-07,0.9997975285205645,2.7727868224253586e-07,0.00018543948074306414,5.888437842105314e-08,1.1829059484914078e-06,9.314974680203691e-06
96,3,2.1849272019395033e-05,2.147999235931422e-06,0.9992480731461009,3.0821367413225636e-06,0.0006410494536857129,8.635327986695046e-08,8.5904687375167e-06,7.512117019937856e-05
97,3,4.87617074844198e-05,9.646665850273839e-06,0.9997237142542748,4.422634328115875e-06,0.00015252558118157737,8.824531083225863e-07,2.993327345004758e-05,3.0113430322522964e-05
98,3,1.3638304402352084e-05,2.133027545931606e-06,0.9992787329885447,1.5547215591162172e-06,0.00066618196303601,3.6698080406584424e-07,2.9221247658039117e-06,3.4469889342044654e-05
99,3,0.0031728977499148226,0.0006351031268878074,0.9846266603521436,0.0014075242721654233,0.0033959378554625206,2.2606579977906216e-05,0.00044722614420643906,0.006292043919241372
100,3,9.524459524269576e-05,1.766439425581546e-05,0.8087926662661199,0.0005354380558017731,0.18289248814616269,7.843949925761986e-07,0.00019616438609218587,0.007469549761332312
101,3,6.8238305231248455e-06,1.4415128699584613e-06,0.9994289654979901,9.951511727603378e-07,0.0005330095249553436,1.466238366511831e-07,2.436494431565328e-06,2.6181364220442074e-05
102,2,0.0010538010277894305,0.9723890231984048,6.448908282293122e-06,6.325413796016588e-05,8.294348474932401e-05,1.723663342675125e-05,0.026376676675300133,1.0615934086900792e-05
103,3,0.0010303137224030303,0.00170831135880934,0.567103095604393,0.0011664501343943176,0.2372515280563724,7.910706599573402e-06,0.003169547305486596,0.18856284311154173
104,7,0.07006553615418487,0.0019808739253859196,0.01678907530834005,0.08859757740160694,0.008419380392139268,0.00040838156043874986,0.8126950845597477,0.0010440906981563178
105,7,9.280705053447623e-05,3.9807319506865836e-05,0.0006893175949627347,0.06326536300263327,0.0022119895862321355,6.074467215241513e-07,0.9336465984161806,5.35095832281965e-05
106,2,0.021317740637568108,0.8233983655462331,0.12030355777180336,0.0057630338746904744,0.004320790719079102,0.010646291791982287,0.007459170429205803,0.0067910492294375995
107,7,0.00031319157284683544,0.0006309165581539546,7.200506240538457e-05,0.00015394684102035106,0.0017548205299948638,9.609092354665315e-07,0.996900414863875,0.00017374366246804043
108,3,1.7158664723506254e-05,2.7286186888840627e-06,0.9991963623554437,2.0392615742310166e-06,0.0007365192033877613,5.214065925644516e-07,3.296666203200344e-06,4.13738233862491e-05
109,6,0.012068514516684637,7.966165794768793e-05,0.00044268102606106026,9.194465465977203e-06,2.5744628112203582e-05,0.9873427716859013,3.122910816680004e-05,2.0291166022974418e-07
110,7,4.764900352854142e-05,4.835817329991247e-05,4.5542210148107805e-06,0.00036762093049250453,0.0002478288983211924,4.000119973056692e-09,0.9987219610444551,0.0005620237287680477
111,3,0.00010645737209526187,8.453450375682057e-05,0.9822110156985335,5.162189274274923e-05,0.00832885012692671,3.4617776993708086e-07,4.573127869379584e-05,0.009171442949481193
112,3,0.0007958381456251301,0.0007016427037082742,0.6091000266169223,0.0023562460900019154,0.23071882584020897,1.561212859542768e-05,0.0020314090055597645,0.15428039946937808
113,3,0.0007127321308051629,0.00010165332268674404,0.972876532958958,0.00021189527555602982,0.016110706820508018,4.7158990383871463e-07,0.0004070867384656607,0.009578921163116563
114,3,4.170818007759629e-05,1.2900298157913933e-05,0.9993096478060625,2.840548283860456e-06,0.0005307780586035868,5.397225275108467e-07,2.522675219913429e-05,7.63586340878907e-05
115,3,0.00014660933137624688,8.508130526774844e-05,0.9812023617870842,0.000341348488575551,0.01020755633321833,7.125593475197156e-07,0.00026265369314499237,0.007753676501985221
116,1,0.7493706139517301,0.029867722289728654,0.033733467573848104,0.00030717798831117444,0.0021190158456762657,0.18331482902214155,0.0008343382737045015,0.000452835054859542
117,3,0.0048891352379287056,0.00013161554760249467,0.9930882941144686,6.22669633760256e-05,0.0009440109072670747,6.847253053132341e-06,0.0005368441063170973,0.0003409858699867338
118,7,9.276084651998443e-06,5.191565007568893e-06,9.987093747803473e-07,0.00015536848706963917,4.86212134851877e-06,2.0725827743870175e-08,0.9998239820987789,3.002079408642798e-07
119,2,0.0005548365054190976,0.9991911857454041,1.6387615204410788e-05,4.0618173502025525e-07,1.2097468281226409e-05,1.79949819663501e-05,0.00020597000219643832,1.1214997935655766e-06
120,3,8.134951282839746e-05,4.493299913409532e-05,0.996234841930914,1.6126642945921053e-05,0.0030806797096061996,1.5258247281490386e-06,8.374101172113537e-05,0.00045680236812225785
121,3,0.0009005695890871754,0.002015415316161844,0.9411890164111778,0.002200357872768785,0.010922074953433138,4.0389713523487286e-05,0.040460859084899964,0.0022713170589477453
122,6,0.01236121938413445,0.00020504637137111993,0.0018000292614380716,5.3858991093768264e-05,0.00011328181100046901,0.9853164485351257,0.00014846300394857383,1.6526418880537506e-06
123,7,2.2202728662249684e-05,6.418014895423917e-06,2.8645635485246708e-05,0.0016417318769827893,8.935837761407942e-05,1.8668716008962875e-08,0.9981923137406803,1.931095696372301e-05
124,6,0.0004223557184039302,0.00012472311846226837,2.206758314246418e-06,1.7487852264644435e-07,7.549345365716907e-07,0.9994490902214421,6.913192062932905e-07,3.051111972037627e-09
125,3,0.00012202123172406939,9.609771835477837e-05,0.9948990450222011,0.0002543857373345553,0.003645716524408766,1.1707099467159728e-05,0.0002697580350304088,0.0007012686314790188
126,5,0.0014322402802833852,8.384596684617388e-05,0.44033827819896965,0.0002628599469315877,0.552440307547691,2.8754855213123625e-05,0.00024768256135281356,0.005166030642712172
127,3,0.004006037507690598,0.0019916847443604666,0.8470627616119344,0.0009493493968035869,0.09580290344712662,5.516213828631518e-05,0.0010085056601333358,0.04912359549366467
128,6,0.00031282079273495857,0.0005163658543458716,8.42781059918439e-05,4.770822424483465e-07,5.062407726743286e-06,0.9990791871626632,1.7238563582678524e-06,8.473793636456057e-08
129,5,0.0067766568375394135,0.004501179252028088,0.13239402155309127,0.0014241076314865885,0.8311448512133034,2.521718089800916e-05,0.0009675888607576443,0.02276637747089574
130,7,8.184467174909251e-07,1.1191017996665123e-06,9.066250420845831e-07,5.997406345150824e-05,4.5994048914988725e-05,7.236339157220131e-10,0.9998879613843216,3.2256061187824078e-06
131,7,0.00010485523216479546,0.0002892220750310666,3.321641584916104e-05,4.4592295429438064e-05,0.0003066520956930978,2.731256038562664e-06,0.9992086451778923,1.0085451901386551e-05
132,2,0.0020376995373092848,0.993288167525583,0.0007795279157063623,8.609069179426271e-05,0.0011302838934611542,0.000894344919710787,0.0010049756511227592,0.0007789098653122714
133,3,0.0007410041627811885,0.0020150234320625957,0.4639305254742535,0.0006871091189494689,0.39097269318647615,1.3621656027853269e-05,0.0022176467281488986,0.1394223762413003
134,7,0.000785071519630433,6.952920821909448e-05,0.004410686488466574,0.06720418777165639,0.015069210263297222,2.2021342553893535e-07,0.9100389943278112,0.002422100207493592
135,7,0.024495891987479344,0.0024862814364514656,0.005015321397292736,0.3954561020616952,0.0815396531720245,1.7652994644429064e-06,0.49009009077925836,0.0009148938663340462
136,3,0.005044175792892886,0.010039220462543528,0.8477710612115585,0.00838129184090381,0.021709516365020567,2.822436944333507e-05,0.002558398108650465,0.10446811184898669
137,2,0.0007898325468532582,0.9901004601292219,0.00028215299641217155,0.00010562642665522736,0.000441119661893098,5.375370140085751e-05,0.007953905857735552,0.00027314867982785977
138,6,0.002301151645537318,0.0012231204142918455,6.547188988175338e-05,2.0187076093033646e-06,3.6798015289184384e-05,0.9963617436981482,9.424653881684255e-06,2.7097536080396975e-07
139,1,0.5915513664097671,0.001773006099899217,0.16203414685451673,0.014584902336394397,0.049162995833492706,0.17731047643762504,0.002264378278811312,0.0013187277494932956
140,3,6.019344467562068e-06,3.3668817294750483e-06,0.9993719630543135,4.4189635862950263e-07,0.0005398710546257379,1.824927863667234e-08,8.649800075884001e-06,6.96697191505747e-05
141,3,0.0004044940469115956,0.00010775726937438695,0.9859955184980176,6.421085456612896e-05,0.006412407834320162,6.434397709673221e-07,0.0002905575202209291,0.006724410536818213
142,6,0.000282486134299734,2.1514845973661218e-05,1.6549831146260157e-05,1.6844478889840065e-07,2.0118183923144404e-06,0.9996768601838966,4.001276926768834e-07,8.613809954992313e-09
143,7,5.050416612536612e-06,4.104231929418531e-06,2.0491167025094825e-06,3.0483060538238267e-05,1.5123695680506983e-05,7.630386092939236e-09,0.9999408989633926,2.2828847582757297e-06
144,3,0.0003507725824973894,0.0002175920853470791,0.9827565900737596,5.2974598799598506e-05,0.015037179573129273,7.854127008781613e-06,0.00034840062697797525,0.0012286363324801096
145,3,0.0037407720134913103,6.789467633092796e-05,0.9947599505057129,8.078416810898905e-05,0.000701812871987175,1.5867628144219394e-05,0.00028727572090436764,0.0003456424153200817
146,3,7.029864982078497e-05,7.507608484293037e-05,0.9612564572065846,3.743964183430702e-05,0.017074412829862873,9.299375165196509e-08,4.933950608656186e-05,0.02143688308721612
147,3,2.967019517934377e-05,3.681568330998316e-06,0.9998140812093278,8.447353446126345e-07,0.00013720046406855843,1.05284455571059e-06,3.912146139860815e-06,9.556837053029827e-06
148,3,0.00010175277433102376,1.9659886685524536e-05,0.9993101732351494,5.366771596895176e-06,0.00045572356920282165,2.335677936504981e-06,3.352783080450208e-05,7.146025429331726e-05
149,3,6.206941887122508e-05,1.8454523083803648e-05,0.9994765002854519,4.550600400012629e-06,0.0003368996496627225,1.1958369360154164e-06,3.202629247952459e-05,6.830339311480477e-05
150,3,2.343382475769926e-05,7.874069647072712e-06,0.9990662168116695,3.687123918297865e-06,0.0006172654300118784,7.74427432132011e-08,1.2835301372213443e-05,0.0002686099958802312
151,7,0.00025254377518722245,0.0007391088075621034,0.0073716528510351965,0.002321049275361994,0.0008167378790838373,1.0133397289682783e-05,0.9883747346777196,0.00011403933676034077
152,3,0.0025369578478392,0.003978049965611226,0.3891073379680403,0.0018795694579421926,0.2149160204279189,2.221655400356083e-06,0.003802701130456404,0.38377714154679143
153,6,0.0022799071959595497,0.0009136279376215704,0.0013515599415070767,4.746988273261171e-06,7.491490789725408e-05,0.9953526333460505,2.0974344757399284e-05,1.6353379332954967e-06
154,6,0.1857874703266832,0.00474878718059132,0.003808438409354497,0.00010600136892195852,0.0012312892718410505,0.8030663752147184,0.0012327635423783608,1.887468551125771e-05
155,6,0.002266127292883006,0.0001354681755992079,4.357880237708679e-05,2.2280525738690106e-07,4.700294228177696e-06,0.9975485612512816,1.3048502741583721e-06,3.652809940596086e-08
156,3,0.00020636732317913113,6.679754496582659e-05,0.9989409342981797,1.0266298045426238e-05,0.0005240478130140192,2.577965958472771e-06,0.00012822025889141836,0.00012078849776595509
157,3,0.0009502209817797522,0.0001272103643085007,0.9979714578616481,1.7741124947254893e-05,0.0006218518691365711,3.8156931099356686e-05,0.00017706382508065002,9.629704199989967e-05
158,7,0.0012035252779068768,0.007999896391619538,0.20718128008835063,0.0002792314295970507,0.0017484786418848477,2.4473126232152e-06,0.781074658943306,0.0005104819147117572
159,7,6.95842688050929e-05,1.121972008214626e-05,3.526949301027338e-05,0.011190942189317352,6.733050150922382e-05,9.71415832513994e-08,0.9886157352912308,9.821394461780874e-06
160,6,0.005225259278083927,8.369403316173198e-05,0.0003722720425084359,1.0924073645546822e-05,2.3974633189679557e-05,0.9942376189331782,4.603617560023044e-05,2.2083063236231261e-07
161,7,2.135870110738765e-05,7.889467629913401e-06,6.863022228358811e-05,0.00021022650642119528,0.0018904199406146027,3.577193724776278e-08,0.9977380332687797,6.340612122649611e-05
162,5,0.0005419010840082256,0.0005235353312056225,0.007317008160690469,0.00027389102253125714,0.9667191291502671,3.634660017845629e-07,0.001338867945738997,0.023285303839556303
163,3,0.00018616515993484837,4.674663644168541e-05,0.9898844656389612,0.00015532783283031648,0.009195374406778652,1.844311454285529e-05,5.0308980983296046e-05,0.0004631682295271139
164,6,0.0002214922014338986,4.132284744910704e-06,0.0005710127176506588,6.836109980955501e-08,1.0752742214854465e-06,0.999201940459064,2.755629193134421e-07,3.1388657042241266e-09
165,4,3.969809226365983e-05,1.2351294183306033e-06,0.0007431754496850561,0.9960015396778557,0.0019104269617735148,2.2287492979123364e-07,0.0012436763306933937,6.002548338086505e-05
166,3,0.03873795599306989,0.011353833656094974,0.44600351215111034,0.17063906964616343,0.2399188600869055,0.0022105560247397404,0.007441642488433495,0.08369456995348254
167,3,0.0008003978907654497,3.163073864248488e-05,0.9981826940652982,9.080942158594107e-05,0.0006127176159498647,4.274191910789444e-05,0.000164883539283375,7.412480936678454e-05
168,2,0.015588471919188987,0.9318212050000513,0.019850826143954853,0.0008381021448156362,0.004055617250045956,0.021097411677625296,0.0017881093198922134,0.004960256544425854
169,7,0.0004149652775685941,3.265270043757998e-05,0.0025711435898700115,0.2874365082619831,0.07373879973369904,1.2669840270833776e-06,0.6345949442839812,0.0012097191684333189
170,2,0.1853706075702126,0.8100768771813116,0.0004140731495594654,1.6642319998186024e-05,0.002925481252633714,0.0006099533694285382,0.0004645780593307438,0.00012178709752525724
171,3,0.0027717312840915306,0.0004812314498264029,0.9943089913901608,5.089372670670987e-05,0.0006744397406164048,6.600641318392907e-05,0.0015492771529124448,9.742884250171733e-05
172,3,0.0074229237773741985,0.004684779704535868,0.9646122634100964,0.0004985747118638806,0.013862061403439277,0.0005510966908052068,0.006444295648785883,0.0019240046530992498
173,3,2.4475853076272476e-05,1.624164537053499e-05,0.9994255498769363,1.7326772169996057e-06,0.0004308500978909657,1.6311043483270583e-07,3.9660522235662114e-05,6.13262168383867e-05
174,3,1.6305459279752326e-05,4.039727580990518e-06,0.9996379577117295,7.425334113481122e-07,0.00031053951711366474,1.7789678606423547e-07,4.821221602164995e-06,2.5415932496471336e-05
175,7,0.0026639995107450493,0.011161250082452154,1.2711874440942877e-05,0.0005075438204682029,0.00022656961131256343,7.341475431918024e-06,0.9854002020556243,2.038156952489425e-05
176,3,1.5708183551110942e-05,4.750864720913323e-06,0.9987878417803838,3.120357120480272e-06,0.0010940786286903243,2.423872098914772e-07,8.004762081118048e-06,8.62530362421502e-05
177,3,0.0015125071103328845,0.0008830960145304468,0.8867158793693601,0.00045640973813429437,0.04636545531645817,9.903268036208214e-07,0.0006990278762881023,0.06336663424809225
178,8,0.0008618592744744571,0.004678677430809985,0.0098903943714234,0.0015830483939385553,0.22210920316001787,2.5466473292499962e-06,0.01753119213253211,0.7433430785894743
179,3,0.0013508030166815177,0.00024813001727877633,0.9249900335116952,0.006394616037747109,0.06438097956300962,0.0004213641407312015,0.0008266801318351233,0.00138739358102138
180,3,7.24209808740266e-05,3.386854777836473e-05,0.9992861781424701,1.8395391955981136e-05,0.0003739214513623582,2.7619295249588605e-06,5.6091093458609215e-05,0.00015636246257570537
181,3,0.00010855917640884813,5.313073475920213e-06,0.9985791910786094,3.8089085375046254e-06,0.0011106825848628224,6.695271532416675e-08,7.122925478607682e-05,0.00012114897060390023
182,6,0.0005093425071632558,0.000127462718195691,1.5114177137001257e-05,4.7540632141510204e-07,3.100936804570933e-06,0.9993429846182535,1.4954032288936585e-06,2.423289556036175e-08
183,3,0.00010466976044161828,4.704439244541757e-05,0.9957448730557843,2.05054851372724e-05,0.003398482907005425,2.8269174500571315e-06,5.891938736218786e-05,0.0006226780943737834
184,6,0.02832748979867081,0.0005396543842996288,0.0008776724685000489,8.125020587810654e-06,0.00024731145683358496,0.9699480186975997,4.9635591872430686e-05,2.0925816358409805e-06
185,7,0.00011979340052737754,5.5555011862779164e-05,0.0005660588322026223,0.005239012990399434,0.008600338451129055,1.599633261659954e-06,0.9851926694845522,0.00022497219606467381
186,3,6.372877545727061e-06,7.064179823819916e-07,0.9992764439019933,7.045110554734004e-07,0.0006787053680043798,2.5307027948818377e-08,2.921550483226797e-06,3.412006590741314e-05
187,3,0.00029020960418902237,9.763609875837918e-06,0.9979672057193346,0.000720134624096613,0.0007382003079688554,4.368302589988054e-05,0.00014675996043074011,8.40431482042999e-05
188,3,9.672335590260807e-05,5.955965273989623e-06,0.9993304418356527,2.6633862045844525e-05,0.00047587372440689057,4.008333198304684e-06,3.8517442939268425e-05,2.1845480580388095e-05
189,3,0.00012599903000563902,9.059768187997666e-05,0.993187017953764,0.0001498309084247878,0.005477592306483094,9.234865960092411e-06,0.0002323867304283319,0.0007273405230541468
190,6,0.0014276754906174104,0.0005080940638331798,0.0003412288989840466,2.949807277212752e-07,3.689225383926999e-06,0.9977169973818794,1.9536936055315407e-06,6.626496882557609e-08
191,3,0.0005903359496344378,0.00045569026644491206,0.9717174484892992,7.300283682467919e-05,0.024031226659935356,6.068391387404404e-06,0.0010256130776860695,0.0021006143287878496
192,4,0.0005285228510198475,1.544878940529511e-05,0.0018698071103120935,0.875922076106787,0.0005630681252447099,4.09312497764879e-07,0.12093550533185882,0.0001651623728746585
193,2,0.012460587092456309,0.8615350117029279,0.004248838116523231,0.0002079074004516066,0.0005914072680063316,0.12005547163989062,0.000686085228344589,0.00021469155139948253
194,3,1.8367161510059056e-05,4.5957955589287575e-06,0.9994682665691113,1.1311250569864403e-06,0.00045410473242046373,1.8467243866603077e-07,1.0472272700483726e-05,4.2877671203190016e-05
195,3,0.0005676881496609698,0.0007769879975530274,0.9293712860445748,0.000557001631816539,0.0536792896015432,6.746160215992893e-05,0.00035563435254692684,0.014624650620144767
196,3,0.02177061583579302,0.005459261209669174,0.56066468965815,0.01003988497780758,0.06460989862240679,5.1250409218483764e-05,0.0009892823556960043,0.336415116931259
197,2,0.006209995137092619,0.9870356452506,0.000898585966152895,3.1296951863267284e-05,9.127118365963688e-05,0.0033116938492129115,0.002404669094183432,1.6842567235387112e-05
198,3,6.601037976317218e-05,4.5030110886144004e-05,0.9914630778988921,5.8438948710418064e-05,0.00748160818989827,1.0673924497673851e-06,5.876553475976769e-05,0.0008260015446404728
199,2,0.0037494166998152272,0.987940534866554,0.0016932694092886948,0.0001606747968802106,0.0005593933609983904,0.004099592533527348,0.0014526710593273165,0.00034444727360873593
200,5,0.00022392081129735995,0.00013665800133422473,0.08916339991953531,0.00034484679593527943,0.9012383770918425,2.3123643861823604e-05,0.0005915998330523369,0.008278073903141203
201,3,0.000890450378053935,0.0016030093726061038,0.6143423400658297,7.006366282300705e-05,0.3700332548065598,7.622553695484965e-06,0.0052216944267590775,0.007831564733672946
202,3,0.0008956421255036676,9.332029877428135e-05,0.9939315061133697,0.0021238700816967686,0.002312599654778606,0.00036736403699277914,0.00017940186280755136,9.629582607677067e-05
203,2,0.0047760719976995035,0.993825215487637,1.038463247968643e-05,1.325357457280296e-05,0.00013977892336361074,6.32899633958066e-05,0.0011634683524223805,8.53706842910299e-06
204,3,8.500464341347654e-05,1.98548125646981e-05,0.9992338398577618,8.85922202846391e-06,0.00041768676192888653,9.17402432666166e-07,3.981378984351775e-05,0.0001940235100264821
205,3,6.644802878677984e-05,2.9211600498531616e-05,0.9967028473676661,1.3332237854035372e-05,0.0026756036460200685,1.2749769045505855e-06,4.5192107074948616e-05,0.0004660900351948903
206,3,0.0023885473356297935,0.0034892154262045763,0.7305771445104494,0.0021615638146555123,0.13213014489413155,7.883948708998751e-05,0.002122956145520175,0.1270515883863188
207,3,0.007841418622581503,0.007293696557276955,0.6981601321724578,0.03094052574083314,0.045821993681810946,0.00019738500057298196,0.19299784482195367,0.01674700340251295
208,3,9.029929058660652e-05,7.532236272531496e-06,0.9987976488153314,2.4977305656355364e-05,0.0009503989486902121,1.427309404119678e-06,5.1679089848333246e-05,7.60370042103884e-05
209,7,2.776837446974966e-07,2.395337249447989e-07,3.966911559266375e-07,0.000153381929582423,1.8813608328029713e-06,4.553329642292533e-10,0.9998435597455962,2.6260003001875224e-07
210,6,4.447877574892905e-05,1.5274340153824666e-05,7.973596398020037e-06,1.0951720006066519e-08,1.7899794443028255e-07,0.9999320267848102,5.57718174068117e-08,7.814072517668315e-10
211,3,3.315494118931853e-05,8.053549463243915e-06,0.9997427096929591,7.89750009248502e-06,0.00012892682061355957,5.850649052568197e-07,1.2985465200182472e-05,6.568696557669946e-05
212,3,3.921750117076371e-05,1.137463257279958e-05,0.9978538153295943,2.547013840162841e-05,0.0018454170039474804,2.8816506743211096e-06,1.4777987070111102e-05,0.00020704575656840644
213,3,0.0036316522635246452,0.00020473496914093562,0.991825387288914,6.157138249117976e-05,0.002390762522171701,3.2372674020776937e-06,0.0008004455669435944,0.0010822087394118803
214,3,0.0006012778705924584,0.00010063914981689914,0.8549837633311035,0.12152886409805744,0.007341579656317044,1.1764415898773526e-06,0.008676830270493343,0.0067658691820295935
215,3,0.0002555228914981766,8.637205807593401e-05,0.9792288634462253,0.00021968286373417374,0.018503053940015054,1.557493557826099e-05,7.681989588264141e-05,0.0016141099689904392
216,7,0.003887301102146788,0.00021275136014011536,0.0125313226035745,0.07078475155240173,0.000987720590929278,2.510979849729039e-05,0.9114945870286356,7.645596367483723e-05
217,7,7.029784945561744e-07,7.651927587025147e-07,2.4261429953122736e-07,5.7454598008635065e-05,9.878082164521098e-07,1.01705666224278e-09,0.9999397201301131,1.256610524017416e-07
218,6,0.0019457279225898094,0.00011445809860818894,0.0011843951807798644,6.7137407832396595e-06,7.720208157542359e-05,0.9966571280629531,1.3690545215483683e-05,6.843674948988608e-07
219,7,1.60332044774789e-05,6.09040896342158e-06,4.654369638404544e-06,0.0037908592625647327,5.805392186772655e-06,2.10646896742045e-07,0.9961753992457387,9.474695336618873e-07
220,3,3.990519822554145e-05,9.972213073095284e-06,0.9992826090361442,2.7989083098905742e-06,0.0005607997149628128,5.19916979558428e-07,1.692760896845712e-05,8.646740333639458e-05
221,3,6.257153773889144e-05,4.349059338297609e-06,0.9996353206321827,8.67270262024656e-06,0.00023652788821449926,1.2318829954828417e-06,1.6979741164324766e-05,3.434655574554453e-05
222,3,8.5757804536715e-06,4.978216316835074e-06,0.9906691075725877,1.940349044441421e-06,0.009098482554875,6.376719140447488e-08,6.804210600440451e-06,0.00021004754893015208
